+12488000342
+19364173251
+19364173251
+12488000342
+19364173251
+12183027177
+18064919231
+16267169683
+13612331280
+15705202684
+12342543978
+16469781869
+16267169683
+13612331280
+15705202684
+12342543978
+16469781869
+16469781869
+16267169683
+13612331280
+15705202684
+12342543978
+16469781869
+16469781869
+16267169683
+13612331280
+15705202684
+12342543978
+16469781869
+16469781869
+16267169683
+13612331280
+15705202684
+12342543978
+16469781869
+16469781869
+16267169683
+13612331280
+15705202684
+16267169683
+13612331280
+15705202684
+12342543978
+16469781869
+17013533031
+16267169683
+16267169683
+13612331280
+15705202684
+12342543978
+16469781869
+17013533031
+17013533031
